Peak (micron) Ampltitude (Jy) FWHM (micron) Power/area (Jy.Hz)
5.47335 0.20387 4.176 3.06E+12
5.93644 0.099423 0.56541 3.61E+11
6.44394 0.37879 0.38236 7.88E+11
7.00152 0.84856 0.43357 1.70E+12
7.47217 0.45711 1.8121 3.40E+12
8.78012 0.5131 1.0691 1.61E+12
9.88395 0.02483 0.34522 1.98E+10
11.3734 0.34888 1.3095 7.99E+11
12.2523 0.42413 1.049 5.86E+11
13.7175 0.1941 2.2756 4.38E+11
14.03 0.15365 0.54629 9.63E+10
14.1925 0.020059 0.74652 1.68E+10
14.3962 0.21833 0.61568 1.46E+11
14.7898 0.49814 0.32093 1.65E+11
15.0563 0.2039 1.0296 2.09E+11
15.3229 0.24959 0.67897 1.63E+11
15.5604 0.87641 0.16944 1.38E+11
15.7963 0.095854 0.55456 4.81E+10
15.9873 0.53591 1.2102 5.73E+11
16.1709 0.14498 0.17888 2.24E+10
16.4576 0.14352 0.25188 3.01E+10
16.7643 0.30271 0.58137 1.41E+11
17.3689 2.2872 0.5143 8.80E+11
17.842 0.6329 0.2318 1.04E+11
18.1217 0.61242 3.4544 1.43E+12
18.893 4.4981 0.55586 1.58E+12
19.5968 1.109 2.5454 8.65E+11
19.8583 0.47713 2.1798 4.09E+11
20.9195 0.73828 0.72805 2.77E+11
21.2146 0.24243 0.1669 2.03E+10
21.822 0.86052 1.5428 6.30E+11
22.9468 0.38792 0.060118 1.00E+11
26.013 0.74279 2.8772 7.40E+11
26.4777 0.036557 0.088812 1.05E+09
27.1233 0.47406 0.65511 9.53E+10
27.5727 0.62901 0.36774 6.87E+10
28.0744 1.268 11.9316 4.46E+12
29.0309 1.777 3.2809 1.57E+12
29.5319 0.020189 4.5234 2.38E+10
30.0368 0.61281 1.5938 2.44E+11
31.4669 2.0512 2.6098 1.22E+12
32.53 0.16964 0.26513 9.59E+09
33.1112 1.6742 1.715 5.91E+11
34.6253 1.4647 1.8067 4.99E+11
35.6492 1.767 0.34816 1.09E+11
36.1955 1.3243 0.31043 7.08E+10
36.6919 2.0902 0.5161 1.80E+11