Peak (micron) Ampltitude (Jy) FWHM (micron) Power/area (Jy.Hz)
6.90788 0.42514 0.199751 4.01668e+11 
6.99542 0.480388 3.98541 8.42606e+12 
7.03516 0.740667 0.28916 9.76899e+11 
7.23729 0.0697078 0.129029 3.8752e+10 
7.41289 0.185071 0.319381 2.42845e+11 
8.77516 0.388218 0.971279 1.10864e+12 
11.7944 0.35092 2.20667 1.26525e+12 
14.7879 0.388111 0.188719 7.55818e+10 
15.5235 0.578074 0.178643 9.67042e+10 
15.5994 0.498874 0.110302 5.10274e+10 
15.789 0.110169 0.0774046 7.71888e+09 
16.9327 0.537018 8.54897 2.42728e+12 
17.3707 2.25762 0.508338 8.51595e+11 
17.8353 0.628859 0.207626 9.26247e+10 
17.8829 0.609288 2.82351 1.00519e+12 
18.6632 1.75512 0.198623 2.00971e+11 
18.8014 0.999945 0.132239 9.65554e+10 
18.8771 2.89665 0.187551 3.50574e+11 
18.981 1.90835 0.672028 8.05156e+11 
18.9941 1.79184 0.231329 2.59386e+11 
19.9507 0.957987 1.00253 2.30158e+11 
20.3808 0.35494 0.339513 6.54633e+10 
20.6807 0.679737 0.270915 9.71631e+10 
20.9199 0.861983 0.358393 1.59299e+11 
21.2236 0.467185 0.342927 8.02638e+10 
21.8855 0.564506 1.44433 3.8281e+11 
28.1386 0.161148 0.171698 7.88549e+09 
29.0294 0.729213 0.292362 5.70886e+10 
29.5505 0.2891 0.404526 3.0222e+10 
30.0437 0.196399 1.43595 7.05471e+10 
30.0739 2.91703 12.8775 9.05612e+12 
31.5316 0.353576 0.519942 4.17268e+10 
36.6727 0.54616 0.907996 7.86644e+10 


